"Date","Facebook","Twitter","Instagram","Pinterest","YouTube","reddit","LinkedIn","Tumblr","VKontakte","news.ycombinator.com","Fark","Vimeo","Other"
2021-12,76.47,7.45,4.06,6.47,3.87,0.71,0.32,0.43,0.14,0.01,0.02,0.02,0.01
2022-01,76.95,7.1,4.59,5.76,3.89,0.72,0.41,0.38,0.11,0.03,0.02,0.02,0.01
2022-02,73.12,7.44,5.28,6.16,6.35,0.79,0.37,0.28,0.11,0.03,0.04,0.03,0
2022-03,73.44,7.22,6.19,6.06,5.53,0.73,0.36,0.28,0.13,0.01,0.02,0.02,0.01
2022-04,75.1,7.13,5.69,5.97,4.7,0.63,0.3,0.26,0.14,0.04,0.01,0.01,0.02
2022-05,75.49,7.52,5.31,5.9,4.41,0.77,0.2,0.22,0.11,0.03,0.03,0,0.01
2022-06,75.27,7.5,6.11,5.38,4.37,0.77,0.2,0.21,0.11,0.03,0.02,0,0.02
2022-07,75.86,7.89,6.53,4.75,3.65,0.74,0.21,0.22,0.1,0.02,0.02,0,0.01
2022-08,74.65,8.22,7.01,5.06,3.59,0.82,0.3,0.18,0.1,0.02,0.03,0.01,0.02
2022-09,71.64,9.02,7.51,6.52,3.83,0.8,0.33,0.17,0.1,0.02,0.02,0.01,0.01
2022-10,68.87,10.37,8.18,7.33,3.92,0.58,0.34,0.23,0.11,0.03,0.02,0.01,0.02
2022-11,67.13,10.38,9.65,7.44,3.38,1.02,0.35,0.42,0.11,0.05,0.03,0.01,0.02
2022-12,67.67,10.35,10.57,6.59,3.32,0.77,0.3,0.26,0.1,0.02,0.02,0.01,0.02
